¹ 0, 45. 44. 4444444444 m». 444. 0, 47.
,44. 044444.« ·
’ rinnau· emendandus 4444444059. v

41444444 4141444444 emendatur 0, 55.

4984444444 4414414 44444 4444 No·
4414444 ub. 4. 4444444444 44, 48.

γ’,

, '' 44444144 1444144444 44, 4, 4. ex·

4444444444, 54. 54. 444, 4. 444444.
B, 444. 44. B, 444. 44. lib.1v. 444·-
rigitur 0, 495. 44. 44, 9, 5. 44444-
’ 44444 0499. 44. 4, 7, 44. 4444444444
. ,0, 508. 1444144, 7, 4. 4444444444
0, 544. 14. v, 5, 5. 4444444444 0,
545. 44. lx, 45, 5. 44444444, 0, 545.
. 14. v, 4, 8. 4144444444 0, 554. 414,
4, 4. 4144441444 lectionis* notatur '
4, 549. ’(4.74. Faucibus.) 44 44,
44. 574.. 4. v. 44444444444441.
“ n.n1‚4'1.·.v.1mgineu. 44.

„ 1 44444 , ’

Qum.) 4, 44. ‚mien-

4444444 1514. 4. v. Rapui ,
44444. 44.414,9,5.0, 4ου. ·

4. 4. 4444444.) 14. 11, 4. ar,
400. 11444. 4. 4. 4444444444. 44. ιι,
5, 4.-41414. 4. v. 4444444444. 4,
, ⁴vll,:25. 0,444. (4444. 4. ma*

414444.).14. 4, 4, 4ο. ibid. ιι
844441. 4444,’7,4. 0,444
(1514. 4. v. 84444444.) 44444,
4, 4. 41444. 4. y. 8444444. 441,
8„ 47. 0, 445. (ibid. 4. v. 44.
44444.) 44. 444, 4, 9. 0, M (ff
4. v. Sp'eculnntl·) 44. 11, 45.
0, 445. (ibid. 4. 4, 443444.) 4.
444, 4, 5. 0,’4ο7. (44444. 4. v. 444
14444414.) 1444945. ex 44444444
44444 ibid. 4. 4441444444. 4.
44, 75. nentur 4144441444 ledii
0, 407. (4. v. urgeat.) 444Χ,5,4.
0, 449. (4. v. 4444444),

’ 44,5,4 4. 4. 44414444. 44.44.·4’444ο, 44 4444. libb. 4444444444,

5. 7. pag. 578. (4, 4. 44.). 44144,Ι

’ 4,4.949.579.(4.4.4444444194.) ’

44. 41444, ιοι.“ 11414. 4. v. 44444444.
44.Ι 44, 7, 444 580. 4. 4. 4414444.
44. 41444, 45, 4. 14414. 4. v. 444-
4444. 1444, 54. 11444. 4. 4. ln·

. ’ 44444 44 v1‚4. 4444 4444-

44494414. 44. 4149. loe. 4444444444
et 44 4444444 lectiones-dubitatur, 0,
584. (in 444. gr. 44 4444 4. v. ¹12·

14, 497. 44 44 4.. 4.. lib. lv. 44444-
44444 14, 595. 44444 44 1444. 4414
4.. 4. (may.) 44444444 imi&
419944444444 Α, 475. 1444 944444

,45444144 aarum declinationum

444144444 praenoverit, 7447444444
0, 574. 574. (444. gr. 44 4444. 44.

Ι trunti.) 44444414 md 4444144

14444 explicatur, 0, 554. (ln 444.
4443 4. 4. 4444444444.)

4444.) 44. 44, 84. 4414. ι’νζ hegu- vegetius 44, 48. 44444. 44. 544.

· 444444. Ι44444444 444414444 4144444444 Ι

V, 45. 0, 589. (144 444. 4444. 4. v.

0444448444.) 44.ν,4,6. 44 Vm. “

1444. 4. v. 0444444444.Ι 4441, 4.
7. 44414. 4. v. 044444.. 44. ν, 5.
0, 5944 (md. 4. v. Fundos.) 14.
41,5. 44. 0, 595. (ibid. 4. 4. Pen-

44. 4, 44. 44 444, 4. corrigendus 44
44444 0, 75. 4444444444 4445. 0, 94.
44444444 (lv, 8.) emmo 44444444
0, 545. 444, 49. 4444544144444414
diversius-c, 584. (ind. gr. 44 4444
4.4.4444449444.)14,4,90,555.
(444 444. 4444. 4. 4144414444.)

untur.) 14. lv, 54. probatur 44- 441444444444444444 4444 1414. ,

. 44444 444144, 0, 595. (1544. 4. v.
Pretio.) 4, 54. 44 414, 9, 5. 44444-
tur 44444414 4144441444, 0, 598.
(1544. 4. 4. 44449444.) 44. 444,
44. 41414. 4. v· Puln. 4444444444

Ι 44, 5. 4444444ι 44144444444 41414444
,444 4444444. Δ, 458. 44. ,44. 444. 45.

testinatur Α, 454. 454. 4444444444
44444. tuq. 144. Β, 484. 4441144444
44444 0, 44. “

, ·. ψῃ), 4644410, 599. (14444. 4. 4. Ι 4144444, vid. 444441414414444.

 

