1111111111111111111 111 ’

111 111 11. 1 11.-11. 1. 1. 111 111. 1. promo, 111111.Ἰ ntor
1111 Venno 113. 110. 0111111111111110111111111111111 1111111, eo
111111 111 Terentianum 111111, 1111111111111111111111. 1.1. 11111 11111·-
danuam reln'quit. 111111. 11111111111 11111111111111 1111111 faeta
1111 111, 0. 111 Spatia. 811111 111111. Hagno: parem 1111 par .

0111111111111111 ae'm 11111111. 11111111111111111111111111111111. ’

1111 cut. 11. 1. 0111111111 1111. 11111111111111111 111111. 111. 111
1111 11111111 myrum 1111111. 111111111111111111111111 1111111111.

14. 1. 111111.1111111, 1111111111111 1111 grassantum. 1111111 111111 · ·

ι1111 011. 11. 1. 11111 111111. 11 111111. 111111. 1111111111 1111111111

111. 1111111111 1. 011, 111. 1. 1111111111 11 1111 1111. 1111110111 »

111. 11. 1. 111011. 11 11111. 111. 17. 111101111113.11.1. 1110111111.
111. 1. 11. 1111101111111111111.2.1. 11 11111 1111111 pecunia 111. 1.1.

parare, 1111111811111111111111011111111 1111111. 011111 pium «Ι ·

111111 1111111111 1111111. 2.

11111 11111 tumultuosum 11111111 11111111 (1.1. prospectui) “ .

1111111111111.11.1.111111 mou! 11111 111,11.1.11111111 1111
1111111111111111111111.10.1.11111111111111111,1.1.11’1 111111
1111, 1111111, 111111, pubem apud 1111111 11111111.
111111111111111111111111111--111 11. 1.
11111111 Impune 1111111111111.11.1. 11. 1111111111. 011111 111

01111111, 1111111 11 11 1111111 1111111111 1111111 111. 1111111, mm, ¹

111111111111 succipere.
111111. 1111 11111111 1111111111 11 1111111 11111111· 111. 11. 1. 111111

111. 1111111111 Pacuvium 11111111111111 1111111111 1111111111
11 1111111111 1111111 1111111111 111.

1111111 111111111111111111111111101111.1. 111111811111111111·
1111111111111111. nequo 111111111111 1111111111» 101 1111111-
11111110. · =

11111 11111 1111111 11111111 011. 1.1. 11111 11111. 111,11111111111 ’
11111111 tm. 111 1111111. 1. ad 1111111111 1111111111 hnu- 111111

- 1111111101, 111111 11111 1111111 111111 1111111111111111111. 1011. 111
111111 accipitur 1111118. 1111 111111 fimus 1111 1111111· 1111. 011. 1.

”111.1. 111. 11111111111111111111111,11 1111111111111 11 (111

, ordia-auom sade) 1111111111 1111, 111 11 11 1111111111111111111111
1111111111 1111111111.

1111111 111111111011. 11. 1.111111111111111111111111·, quiam
gravet 111111 1111.1111111111111.1111.11.1.1’. 111111. 11111111. ,
1111111. ’
1111111 111111 11. 1.1. 1111111111 1. 17. neque 1111111111 1111111-
1111 011111.11111111111111111111111111.10.1. 1111111111111. ’
11111111, Grata 1111111111 reform 1111111 11111 1111111111. saeo'gaeae'.
1111,11111111111111111, 1111111111 111 11111 1111111111111111111 011.
11 1. 11, 1111111111111111,11111111111111111.11111111.

1110111.11111.1.1.11 11111111 1111111.111111)11111111111111111
1111111111111111111111. 11111.1.07.111111111111 111111 111· ·=

111111 11111111111111. 111111111111111,1111111111,11111111111111

111. 24 ι

 

