100 · 1110011 ¹

,6010011 001, -8111011110110901110 11110111111 01111111, 0, 551.
rx 001111 11111111, 1,,8. 1, 1111110111101001 00101001 11 111.-
runnu 111 00111011, 0, 151. norme) Β, 175.
1001011111 11911,0,117. 1110, 0, 405. .

’ 80911,Β,406.11.0, 157. ’,111110»910111111111,0,88. ef. 105,

’ 80011111 00000091101111190011 1110111 ι. 11010 1. 1111111 offl-
1111911111 1111, 1111111,Β, 196. 1010, Β, 576.

80911011 11911, 10900110 1110οἓ 11001101 (1..)10911001101 Gaius,
1111111 0011110001 cultoribus 0111111, 011101 111101111010 11110101, 0, 511.
Β, 180. 10911110, 0, 505. 506.

Superior 11 1101011101 1111101 Tarquiniorum 11001111 quur 11.
(opp. insertor) A, 401. ’ virum 1101011111 101111, ,1, 445.

· 80011111101’οι,0,405. 1119010101, 1118101101οι

5119011011 quae 119111 9111111111, 001011οι.
· Β, 111. ’ 1110011101(1..)9011101111,1,141
. 100011011110100110110111110111- 11.0,175. ,
111011111111,.1, 156157. suppli· 1111111101 110011, 0, 155.
111111 nonnunquam 111910 11717111· 111111101, 111. 01111.
10110111, A, 157. 01110. lecal, A, 156. 1101010111 1111111111111111111, t,
’ 1111111 Ι. q 1111179101,Β, 115. et. 161.
0,105, 111111,1. q. 111110, 405.
“ 80011111101011111,0,107108.1110109011011,0,190.
, 111011111100101111. 1111(111.111101)111111111111
Suscipere 11001111 11110011, 0101181001111101[11118011111 11
111 11110011, 0, 569. 910100001101]10110110111,1’,111
1011101 0001100011 10901111111911 187.
11111011111101110001111, Β, 181. 111001 61111 1111101 1111111 1111111
1110001111 1091111111, qum 1111. 1111901111, A, 515. 1100101 9111111
¹ 5711101111Ι 11 01110100 1011010111, 11111111, 0, 91. 91, 9001101 prr
A, 90. 11111,1071111,10110,0,405,406.
synonymorum 1011011110, Β 85. Temerarius 11 10111 1011111·
¹ ef, B, 158, 10111 1111110111 9011 111, 111. Ar·

‹ 8701111, 111. Β, 19. 111.

37111111101111001001110101μ1, 1101111, Β,146. 11. 0, 406.
515.“ 0011 0011101111 1101, Β, 515. 11001110111 0011 111, 11101105
518. 11519. [0191111 1 019111, rra· 0, 406. ζ
, 1111] 1100111111110011191111111,
Τ 0110110191111111 100111. 9

1, 1101011 1111111001001 Βο111001011
1 1111111111ιά ιι191111101010111011, 901010111011101911011,11901911

1 Β, 161. ’1110011 11001011 1011110111 1000 11ιῖ

11111111, 0, 155. 156. brt· 110111111, A, 457. 4
111111 11 corrupti· 11011101 1111101, 110111, 0,106.

A, 581. 585. 1001111110 10109111· 1101111, 0, 406.

10111111111,Β, 171. 175. 11. 0,111. 110011, 0, 185.
1111011100111 ,1,186187.111101111101 901111 nominarim
111111 10 111101110 1011111111, A, 88. 11 1110111110 91011111 1111111 111Ιί-

 

