11 ’11011

· 1111111111 opponunt 1111111111, 111111111101,0.511.551,
1114. ¹ Ι111111111111 11111110 11111 eoin·
1111111 9111111 1111119110 sa- gitur, Β, 98. 11. 0, 570.
11111, Α , 15. Faciunt facere, Δ. 1111111910 servire, 0, 589.
110. Facinus (111]119111111 pro 111111 11111101, 90111 dim
flagieiow) 1. q. 1111111111, Α, 110. 111111 111111, coniunguntur, Β,157.
111. 11111111 1117111111 1111171111, Quid discrimini· 11111 seem 11
111. 1011191 11. Facient 11 fle- 111111011118111111111901111, 111
,11111111111.1111,1,171; Fatigatae. · ,
111110. 0, 569. 111111111, Β, 516. 11. Prope·
Fallere 1110111111, Β, 151. ' 11111.
111101, 0, 569. · , 1111 -ἀρχαΐκῶς 91011111, Β, 9191
11111191010111,Α,45. 11111111- 1111111111, 111. 1101111111
1111 11111111111, 111. 11111111 1111111111111, 0, 579. (in 111111
¹ 9011111,111,.1,115. ¹²7· gramm. 111111. 1. v, 1111011.)
11111111 11 gene 9111 11111111, 1111111111119111111, 11,181.
B, 404. 1111111011111111, 0, 570.
111111 11111111 describitur, 0, 81. 1111111 1111111 pro 11111111, 0,11.
rennuentem 1001111011, 0, 5, Fingere i. q. 111111,11111·1, ⁰23ss-
, 101011111 901 1111111110011111111 11111 genere foeminino, 0, 10. 11.
111111101, 0,’ 5. Rue e‘ugm'num 1. 1. 119111 11111
1111111 (0)» 0, 185. 91111, 0, 570. Fines 1110111101 111

· 11111111101111111,Β,150. 11. 1011 regione ponuntur, 11111,

Α, 185. 110, 569. 11111111 910 11111 1111111, Β, 111.
, 111111101 11 111101 9111 11111 11.0,570.571.
111111111111111111111901111111- 111111101 11111, 0, 189.
· 1111, 111.’111.1111111.111111.1. 1111111 (1111111111) 9111111 11
1. 11111, 0, 570. 111111111111911911111 11111 maine
111111 (εἱμαρμένη) A, 456. . 11111111, [111. 0. 101111111]1,
11111111 019111 9111 1191111111, 414.
Α, 518. 11111111,Ι 111. 1111101.
11111111 11111 11011111 01111111 11191111,0,571.
11110111 1111111111111, 0,149. 11. 1111111111 (1001111101) 11111111,
151. B, 555.
’ 1111111111,“10111111 111101111111 1111111,0,091. .
11119101, 0, 511. 1 11011101 pro ffiietu 1111191191...

’ 1111111, 0, 555. 11551. 111111,’11’, 411111. [11. 011191.

* 1111 1. 9. 9111119111571. 1111, Deplorat, 1111191111,
’ 11110111119111101111111,Α,598. 1111101]
· 11111191010101111111,11,557. 110111, 0, 171.
Ferox, 1.9.111101,111110101,11- 1101111111,Β,460.111ηηρ,,.
111111, 0, 570. · 7111911110, 571.
11111011111111111 9111 1111, Foedere, 0, 55. 11. 571. (11191.
0, 570. 1 111111. 1. 1. 1111111111.)
11111 111111011111111,11·11“11. 111 101101, 0, 591. (11 111. 9111111. t!
11111111,1111“1111“11 11111111109110 1111. 1. 1. 01111.)
11111111, 0, 559. 5701 1. v· 11111. 1011111 1101111111 vetem, 8171111

 

