1 1101101111 111111101111Μ1 449

41111111911111111111111,11, 561. 0111111111,1101111111110555.
565. 11. 011111, 1111119011- 0111111111111 14111111 1111111194.
11, 811111; 9111 11115111 111111- 1111111, A, 55.

1141111 0111141711115,ἡ41“1, 94111. 0111,0,189. .

81141141111111.) 11 8111111141 41111- 0111111411111111, 0, 555
141111, A, '96 01111111 (δοῦλοι δημόσιοι) qul 1111,

8111111111911011,11111191111. Λ, 59⁰. 591
14. 0, 55411555. 0119111111 lex 1111111111411111-

8111141111111111111141111111911111 niba· 11111141 1111111111, 0, 555.
1110114111, A, 414 ’ 01191111011111 101111 11111 111

81114111 111111911111114181111 111111, Β, 140. ,
1141, A,.59 115. 116. 516. 515 646 0111111 111 1111 1111111111 111,
441. 444. 515, 558. 569. ..8,11 51.911191111491111111,Δ,556 140555
59. 60. 65 71. 9⁰· 110. 117156. 0111111011, 0, 511
1611170175.191104118154. 01111111, 0,161. ¹

· 145156. 181. 186. 194199, 507. 01111111191111111111,11,418.

517. 519 665, 561. 585691. 419. 011491411111111111114111111119111, . Ι

410. 411. 457. 466. 0, 49.
31114111 11111 111111111111111 011111 41111141, 0, 15011.

1111ῇ11511118111111111111111111β0,164.
,459 · 019111 rempublicam 11’ rapere 1111.
8111411111 01111114111111111-1111111111 91111111 1111111111, A, 87.
91111, 16. 57.11, 11. 0,161161. 14, 0, 555. , ,Ι
· 167, , 0111111111 111915111111 8114111111
8111141111111140, 0,111. 1111111111 111, 111111 ¹capere 11111.
411111,111111,111111011, 0, 504. A, 6. 57. 1411111111. 111,
,ᾤαψῆ ‘ ,
C· ⁵ 0111114111 11149111 1111111 pm
0111111, 0, 115, capenum, 0, 78.
01111111, 0,157. 0111111111 11111111 1111 7111111
ι0111141141111 91411111111,0,554, 11111111, 111 pene· 91901111 11111,
1111111 eorpus, 1111111 111111 quid A, 484.
111, 11111. 100, 555. 01911111114, 0, 555.

01111111111911 11191411, 0,19. capitolium 1119111111 11111111 , ¹

111, 111. 11191, 111.

01111111 11114111 1111114 111111111- 01911 11411, 1111,8111111111111111,
111, 0, 1411. 11149 011111· genu· 110111111111 1111111111 1111111-

, 1111 11111111, ,411111 1111111,11- 1111411,11,1,64.14114,57ῦ.

‘ 1111111, A, 569. ,1111111111 111- 0111114141111111111, 0,111·
11111111 91111141, A, 640. 911111 0111111111111111111111111191111

f 0111111111191111141, 46111. 01111111 quid praeceperit, A, θ. “
1101111111 911111111 1100111440 1¹¹⁰· 0111440114, 741 ‘² 7²· ⁶¹· 01555·
1111111111111111, A, 555111. 0111111,0,666. '

10111111 81111111101111111141111· 011111141(1.1111111)1101ι14141- , ¹

144,0, 161. 94111111 Plautinum 1111111141 11 811-
·44011 pro 1111111111,,0,47.1111.1,16.11111111 41 8111111111
14 0, 655. 441111111111 4411111 11110 114111111,

27·

 

