· 155

155115 (111,5. 51 11,19.) 0,155. 156.
11. (111, 5.) 03156. 8115511151 111,
5.0, 154. 1, 59. 0, 155. 1, 57.’
0, 147. 111, 55. 0, 157. v, 49.
0, 185. 1,16. 0, 555. 1, 15. 0,555.
11, 11. 0,’556. 11911151· 1551 111111-
. ¹ 1115 1115111111, 0, 588. (11111. gr· 11

5111. 1. 5115111115.) ·

. ¹ 11151557115189. 1111155515...

' J ssNDEX

nr· mn· “Fumat Ι1178·
ΧΧῌ. 5551151111 155115, 0,
55551515111, 11. 0, 151. 11,
515551. 0, 189. Vl, 8. ’
0, 191. mv, 5. 11511111
diver-nn, 0, 585. (ln 1111. gr.
5111. 1. 5111111111.) 11. Π,

· 0, 591. (15 55515111. ι’. 0111

1111551111 111,ι1.115111511511,

11111, Β, 116 111. 111. 11111111 55151- XV, 55. 15511515 1115111111

1111151 1115151, 0, 69.
111111511511511..1151.ΧΧ1111.51151-
111111, Β ,.547

0 459 (151111. gramm. 515111.
v. 11115.) ¹
15155551 5115511151 Β, 455.

1151111111 epp. 1,1.515111111,11, (719.649.55.Β1955511.)551511
585. 1111151151511515.111,7. 0, , 411.11.719.655.1111.11115.11,5.

’ 55. explicatur 0, 145.’

, Hyginus 1115168. 5515511151Β,515.

11511151 1551151111 1115111111 0451
(111. gr. 51 5111. 1. v. 8111111.)

5151 1515111115 (1111. 155. 719, 195.) r

1115511151 0, 515.

’ 1.
1515911111 (8111.) 15511151,1,55.

11511151 (1515711111) 1,17. 51 11111, 85.

5555111111, Β, 119.

11511511511,51.5515111111111,147.
111151 xxm, 6. 5155511151 m&
xxvffl, 54. ’5191151111 Β, 185.
1111,5.5171151151 Β, 187. 10511-
51151 Β, 461. 11. 11,61. 0, 59

11115151 111151155111 55151111- 5511551155515111115111.

151,Β, 155. ld. (1111, 8.) 511155-

11151, Β,454. 11. (11155.) 511511..

111..111 0,.595 xxm. eornm?
1511951155115 0,597.(1115. 911)

⁰2 ι75177· 15505505150111 5111. ι. v. 1155151.)

11155. emend. 5, 515. vn, 1

suppletur 0, 514. lv, 15. 5155111-
151 0, 555. 11. ΒΜ. emend. 0,515.

1111511. c, 555. td. ιιι. x.

emend. rx 118. 0, 575 (1111. 91151

’7 em... 551111..) 151111 5.
rub 1155115510511, 1115. 151111111-
1111 155115 155115 15151111 5111511111

1.15151111’1111.1111,61. 15551151
Β,556.11.(1111, .)Β, 4551.
(1111, 744. 51. 11111151. 1669.) 511511
Β, 445. 111,8. 51118. 5111511111
c, 585. (151115. 95515111. 11.
1.1555111.)11’,718.15111111155115
511 5115111111, 0, 589. (15 551. 111.
1. v. 0115511155.)

511. 1159111111 1111, 1. (ind. 91. 51 1551111111 55511 115 Βίριιᾱίιιη 11,
5111. ι. r. 1111115511.) 15111. 11111 714. 5115111111 Β, 575.

511111 locu· 5115111151.

...1,5.

1.υοί1111115.1111.511551115111,14

k 11511151 1551151111 1115111111, 0, 588. 115511111181171.(175105111551 111
(15151. 1111. 1. v. 1151551.) 11. vll. erp. 9.) corrigitur 0, 55.

11511. 0, 599. (15 551. 1111. ι. 1.
45. rx 5 1188. 5515111. gr. 51 5111. 1. v. 11591151.
. 0, 455. (11111. 1. v. 85115511.)

1115111.) 1,

1155111511 (Archia. 519.199.)1151-
111111· 8111511151, A, 495.

1.5515115111,1.5151151111111 111

murtrum 1111511.1111.1,564
corrigitur Β, 595.

· 1.]5571151111 rorallum 111 111
r rdrtrnurxn1‚2.rmumr,456.

1456. 5111511151 Β, 54.

 

