7777777777 77 77777777 777 γ’ ,

mm. 7771777 77777777. 5777. 71 Aen. xl. 515. 777777 77 mant: 017.
7777777777 77177 7777777777777,115.777.77777777777171777.17,71.’Ι
,77777717 571777 77777 177. 57. 77 717, 77777777 interp. 17177. 5. 4. 7171 ,
11771. 771. 77777777. thrga 77177777 quo 7777777577 denotavit. 11157177777777777. ¹
77777177 177177 077.,5. 7. oppon. externo 7 777777 577. 15. 25. 777775
7777717 7777777777 1777777777 7771777 7577777777777.

areptus prima 1777717. 777 Vl 177. 7. Pontum 17777. 11. 281. ,
7777777 117777. 7777777777777777711.15.77. 117177, cantra 7177177777
171717, neglectaque 777 777777 pam. 1717777777 777 77711777777717 ssim.
11. 7717777711. 12.Ι 7177171771.1777.58,17717777 7777777777 27711.
77777777 7777 771777 plerosque 77717777 7717777 077. 58. 7. 017111. ”

55715777777177777777777 77777777. regnum 77177777177.25.7. 1777- ’ ,

7777717 777777, 117777. 177. 57. 7. 777 fortunas 71777777 077777 1111111.
71. 77777777 plaut. 1777. pro 7777717777 777. 77777177 77777777 077. 2. 7.
17777 77771 Nonium, 7777777 porro 1777717 77777177177777777777777777.
promentem. 1777771717. 077. ,

777777, pro, 7777177. glorium 7777177177 99. e. ex qno 117 717777
7777777 77777177 177. 75. 7. 777 777777. 1177777777 77777 012·qu invenlt·
[7717777777. quan 777 7777177. 715151117777777. 77 777 7777777, 17177.
017. 71777777 innumeri. , .
7777.. ι.. inminuerat 7... 77. ι. 77.. aa 777.. 11. 77. 7... ...7.
poema 77117 em 777 7777777777 77717777 777777 777. quam 7777777777
71717 exprimit 777, 177777 77777 777 7777777777. ι

777717777 7777 1777177. 28. 7. 77717777717777177777 7777777777, 117777.
57177 57577777777, 7777 7177777777 77717.7771 17777 711717 7717777 7777777777,
kmi. 1. 7777117717. ’

7717777 7177777 7777177. 757. 717, 77777777, 117777. 771μ7,0711. 77
7117 vinoque lV. 12. 7. 7777777777 7777 777 7777777 7177771777, mut.
77771777. -

7711777 1777777 777177 relinquendum Ing. 111. 7·. 0771177717. 777-
,7717777777 17771777.

777 77777 77777 77717771177717 77777177. 101. 7. poue 777777 777777,
1777777 novere 071. 25. 7. 11777177117777777777777. 711115.1771771,777- v
77777717 7777777.

77. (per 77.) 7777777 serpentium 1777 7777177777, 7171 777377 qum 7177 77

177771. lug. 91. 7.
7117777777 777177771777777177917. Τι711.11171.2.12.

77777770177777177.27.7.117771.111.127777771777777771771117-
7777 7777777571. 7771111. 771155. 7777777777 777777777777777. 177. 52. 7.
777777 pro 17777777171777, 77777777 form 7777771077.111.171’777. 177
1777 quoa 17777777 777, 77 7777777 1777777777 777. 77777. 7777711777 777771,

17(7177)77777777777 77777577 077. 15. 7. postquam 777 1777717177 777717 Ι Ι

1177771, 777777 it· 177177777 circumveniri vident lug. 57. 7. 577717. 219.
77171777 venua, 77177 77777777 atquo 777 7777777777.

77 7777777777 pergere 1777717.777715777771.2.777777777 quo ,

17111777. Parme 7777 7775777777 77 77777717 7777777777177171. 771171.
11777117. 771717. V.

 

